4   3
1    0.0     0.0     1  1  1     0.0   0.0      0.0          0
2    0.0   192.0     1  1  1     0.0  -6.48e3  -3.456e5      0
3  240.0   192.0     1  1  1     0.0  -3.52e3   2.304e5      0
4  240.0     0.0     0  0  0     0.0   0.0      0.0          0
1    1   2    100   30e6    600     -41.6667   0.0  -41.6667  192.0   
2    2   3    100   30e6   1000       0.0      0.0    0.0       0.0
3    3   4    100   30e6    400       0.0      0.0    0.0       0.0
problem 1b - HW7 - FEM - Spring 2019


5   4
1    0.0     0.0     1  1  1     0.0     0.0      0.0          0
2    0.0   192.0     1  1  1     0.0     0.0      0.0          0
3   96.0   192.0     1  1  1     0.0   -10.0e3    0.0          0
4  240.0   192.0     1  1  1     0.0     0.0      0.0          0
5  240.0     0.0     0  0  0     0.0     0.0      0.0          0
1    1   2    100   30e6    600     -41.6667   0.0  -41.6667  192.0   
2    2   3    100   30e6   1000       0.0      0.0    0.0       0.0
3    3   4    100   30e6   1000       0.0      0.0    0.0       0.0 
4    4   5    100   30e6    400       0.0      0.0    0.0       0.0
problem 1b - HW7 - FEM - Spring 2019


3   2
1    0.0   0.0   0  0  1     0.0       0.0   0.0   0
2   96.0   0.0   1  0  1     0.0       0.0   0.0   0
3  144.0   0.0   1  1  1     0.0   -1000.0   0.0   0
1  1  2   1   6e8   1    -50.0    0.0   -50.0   96.0
2  2  3   1   6e8   1      0.0    0.0     0.0    0.0
Problem 1 - HW 7 - FEM - Spring 2019



A  E  I

3   2
1    0.0   0.0   0  0  0     0.0    0.0   0.0   0
2    3.0   4.0   1  1  1     0.0    0.0   0.0   0
3    7.0   4.0   0  0  1     0.0    0.0   0.0   0
1  1  2   0.065   200e9   8e-5      0.0    0.0     0.0    0.0
2  2  3   0.065   200e9   8e-5    -10.0e3  0.0   -10.0e3  4.0
Problem 1 - HW 2 - FEM - Spring 2019


4   3
1    0.0  0.0   1  1  1    0.0       0.0       0.0    0
2    0.0  16.0  1  1  1    0.0      -6.0     -28.8    0
3   20.0  16.0  1  1  1    0.0      -4.0      19.2    0
4   20.0   0.0  0  0  0    0.0       0.0       0.0    0
1   1    2     100.0       30e6         600        -500.0  0.0     -500.0  16.0
2   2    3     100.0       30e9        1000           0.0  0.0        0.0   0.0
3   3    4     100.0       30e9         400           0.0  0.0        0.0   0.0
Problem 1b of homework 6- Spring 2018