4   3
1     0.0     0.0      1    1      0.0  -1.0e4
2     0.0   120.0      0    0      0.0   0.0
3   120.0     0.0      0    0      0.0   0.0
4   120.0   120.0      0    0      0.0   0.0
1    1  2      30e6  2
2    1  3      30e6  2
3    1  4      30e6  2
EXAMPLE 3.5 (Logan, D. (2012).



3   2
1      0.0      0.0      0    0     0.0      0.0
2    180.0      0.0      0    0     0.0      0.0
3    180.0    240.0      1    1    50.0    -86.6
1    1  3      29e3    9.0
2    2  3      29e3    9.0



